[gd_scene load_steps=16 format=2]

[ext_resource path="res://characters/Enemies/raw_assets/birdMonster/birdmonster.glb" type="PackedScene" id=1]
[ext_resource path="res://characters/Hitbox.tscn" type="PackedScene" id=2]
[ext_resource path="res://characters/Enemies/Monster.gd" type="Script" id=3]
[ext_resource path="res://characters/HealthMannager.tscn" type="PackedScene" id=4]
[ext_resource path="res://characters/CharcaterMover.tscn" type="PackedScene" id=5]
[ext_resource path="res://characters/Enemies/AimAtObject.gd" type="Script" id=6]
[ext_resource path="res://weapons/DamageArea.tscn" type="PackedScene" id=7]

[sub_resource type="CapsuleShape" id=1]
radius = 0.5

[sub_resource type="CapsuleShape" id=2]
radius = 0.288078
height = 1.16155

[sub_resource type="CapsuleShape" id=3]
radius = 0.169415
height = 1.49579

[sub_resource type="CapsuleShape" id=4]
radius = 0.356903
height = 1.16155

[sub_resource type="CapsuleShape" id=5]
radius = 0.317619
height = 1.46882

[sub_resource type="BoxShape" id=6]
extents = Vector3( 0.689158, 0.680137, 0.471014 )

[sub_resource type="BoxShape" id=7]
extents = Vector3( 0.99979, 0.771905, 1.09789 )

[sub_resource type="SphereShape" id=8]
radius = 0.333719

[node name="BirdMonster" type="KinematicBody"]
collision_layer = 2
collision_mask = 3
script = ExtResource( 3 )
attack_rate = 1.0

[node name="CollisionShape" type="CollisionShape" parent="."]
transform = Transform( 1, 0, 0, 0, -1.62921e-07, 1, 0, -1, -1.62921e-07, 0, 1, 0 )
shape = SubResource( 1 )

[node name="Graphics" parent="." instance=ExtResource( 1 )]

[node name="ArmUL" type="BoneAttachment" parent="Graphics/Armature/Skeleton" index="1"]
transform = Transform( -0.762323, 0.633694, 0.131512, -0.647048, -0.750595, -0.133925, 0.0138448, -0.187188, 0.982227, 0.176714, 1.53529, 0.0333614 )
bone_name = "upper_arml"

[node name="Hitbox" parent="Graphics/Armature/Skeleton/ArmUL" instance=ExtResource( 2 )]

[node name="CollisionShape" type="CollisionShape" parent="Graphics/Armature/Skeleton/ArmUL/Hitbox"]
transform = Transform( 0.231528, -2.98023e-08, 1.2666e-07, 2.23517e-08, -7.45058e-09, -0.280679, 7.45058e-09, 0.231528, -7.45058e-09, 1.19209e-07, 0.196597, 0.0233286 )
shape = SubResource( 2 )

[node name="ArmUR" type="BoneAttachment" parent="Graphics/Armature/Skeleton" index="2"]
transform = Transform( -0.762323, -0.633694, -0.131512, 0.647048, -0.750595, -0.133925, -0.0138447, -0.187188, 0.982227, -0.176714, 1.53529, 0.0333615 )
bone_name = "upper_armr"

[node name="Hitbox" parent="Graphics/Armature/Skeleton/ArmUR" instance=ExtResource( 2 )]

[node name="CollisionShape" type="CollisionShape" parent="Graphics/Armature/Skeleton/ArmUR/Hitbox"]
transform = Transform( 0.231528, -2.98023e-08, 1.2666e-07, 2.23517e-08, -7.45058e-09, -0.280679, 7.45058e-09, 0.231528, -7.45058e-09, 1.19209e-07, 0.196597, 0.0233286 )
shape = SubResource( 2 )

[node name="ArmLR" type="BoneAttachment" parent="Graphics/Armature/Skeleton" index="3"]
transform = Transform( -0.756537, -0.422012, 0.499557, 0.632597, -0.66589, 0.39549, 0.165749, 0.615221, 0.770734, -0.450458, 1.21104, -0.0475006 )
bone_name = "lower_armr"

[node name="Hitbox" parent="Graphics/Armature/Skeleton/ArmLR" instance=ExtResource( 2 )]

[node name="CollisionShape" type="CollisionShape" parent="Graphics/Armature/Skeleton/ArmLR/Hitbox"]
transform = Transform( 0.231528, -2.98023e-08, 1.2666e-07, 2.23517e-08, -7.45058e-09, -0.280679, 7.45058e-09, 0.231528, -7.45058e-09, 1.19209e-07, 0.196597, 0.0233286 )
shape = SubResource( 3 )

[node name="CollisionShape2" type="CollisionShape" parent="Graphics/Armature/Skeleton/ArmLR/Hitbox"]
transform = Transform( 0.205759, -0.00960612, 0.12816, 0.105872, 0.0353417, -0.24591, -0.00772116, 0.228613, 0.0434009, -0.0798996, 0.635795, -0.0297878 )
shape = SubResource( 3 )

[node name="CollisionShape3" type="CollisionShape" parent="Graphics/Armature/Skeleton/ArmLR/Hitbox"]
transform = Transform( 0.211494, 0.0254889, 0.109951, 0.0942105, -0.056904, -0.246937, -0.00013357, 0.222974, -0.0755882, -0.056822, 0.584214, 0.134345 )
shape = SubResource( 3 )

[node name="CollisionShape4" type="CollisionShape" parent="Graphics/Armature/Skeleton/ArmLR/Hitbox"]
transform = Transform( 0.222014, -0.0367397, 0.0660124, 0.0643297, 0.0827793, -0.250256, 0.0132888, 0.21308, 0.108604, -0.0364538, 0.542827, -0.140214 )
shape = SubResource( 3 )

[node name="ArmLL" type="BoneAttachment" parent="Graphics/Armature/Skeleton" index="4"]
transform = Transform( -0.756537, 0.422012, -0.499557, -0.632597, -0.66589, 0.39549, -0.165749, 0.615221, 0.770734, 0.450458, 1.21104, -0.0475006 )
bone_name = "lower_arml"

[node name="Hitbox" parent="Graphics/Armature/Skeleton/ArmLL" instance=ExtResource( 2 )]

[node name="CollisionShape" type="CollisionShape" parent="Graphics/Armature/Skeleton/ArmLL/Hitbox"]
transform = Transform( 0.231528, -2.98023e-08, 1.2666e-07, 2.23517e-08, -7.45058e-09, -0.280679, 7.45058e-09, 0.231528, -7.45058e-09, 1.19209e-07, 0.196597, 0.0233286 )
shape = SubResource( 3 )

[node name="CollisionShape2" type="CollisionShape" parent="Graphics/Armature/Skeleton/ArmLL/Hitbox"]
transform = Transform( 0.219562, -0.00960612, -0.0883021, -0.0706532, 0.0353417, -0.263835, 0.0201482, 0.228613, 0.0370763, 0.0621671, 0.59887, -0.0181102 )
shape = SubResource( 3 )

[node name="CollisionShape3" type="CollisionShape" parent="Graphics/Armature/Skeleton/ArmLL/Hitbox"]
transform = Transform( 0.209355, 0.0190001, -0.117627, -0.0873948, -0.0706904, -0.245381, -0.0462356, 0.219652, -0.0687957, 0.077769, 0.528029, 0.104621 )
shape = SubResource( 3 )

[node name="CollisionShape4" type="CollisionShape" parent="Graphics/Armature/Skeleton/ArmLL/Hitbox"]
transform = Transform( 0.223698, -0.031106, -0.0617777, -0.0314098, 0.106745, -0.24614, 0.0507728, 0.203084, 0.119913, 0.0351804, 0.515839, -0.138811 )
shape = SubResource( 3 )

[node name="LegUL" type="BoneAttachment" parent="Graphics/Armature/Skeleton" index="5"]
transform = Transform( -0.997098, 0.0758003, 9.80496e-06, -0.0749877, -0.986446, -0.145955, -0.0110594, -0.145527, 0.989291, 0.131876, 0.961808, 1.31768e-07 )
bone_name = "upperlegl"

[node name="Hitbox" parent="Graphics/Armature/Skeleton/LegUL" instance=ExtResource( 2 )]

[node name="CollisionShape" type="CollisionShape" parent="Graphics/Armature/Skeleton/LegUL/Hitbox"]
transform = Transform( 0.231528, -7.45058e-09, 2.6077e-08, 2.23517e-08, -0.00743765, -0.280534, 0, 0.231409, -0.00901657, 1.22935e-07, 0.196597, 0.0233286 )
shape = SubResource( 4 )

[node name="LegUR" type="BoneAttachment" parent="Graphics/Armature/Skeleton" index="6"]
transform = Transform( -0.997098, -0.0758017, -7.18236e-06, 0.0700285, -0.921244, 0.382631, -0.029004, 0.381527, 0.923901, -0.131876, 0.961808, 1.37255e-07 )
bone_name = "upperlegr"

[node name="Hitbox" parent="Graphics/Armature/Skeleton/LegUR" instance=ExtResource( 2 )]

[node name="CollisionShape" type="CollisionShape" parent="Graphics/Armature/Skeleton/LegUR/Hitbox"]
transform = Transform( 0.231528, -7.45058e-09, 2.6077e-08, 2.23517e-08, -0.00743765, -0.280534, 0, 0.231409, -0.00901657, 1.22935e-07, 0.196597, 0.0233286 )
shape = SubResource( 4 )

[node name="LegLR" type="BoneAttachment" parent="Graphics/Armature/Skeleton" index="7"]
transform = Transform( -0.999404, 0.0337981, -8.01957e-06, -0.0330416, -0.976969, -0.210808, -0.00712588, -0.21069, 0.977526, -0.163527, 0.577143, 0.159306 )
bone_name = "lowerlegr"

[node name="Hitbox" parent="Graphics/Armature/Skeleton/LegLR" instance=ExtResource( 2 )]

[node name="CollisionShape" type="CollisionShape" parent="Graphics/Armature/Skeleton/LegLR/Hitbox"]
transform = Transform( 0.231528, 0, 3.35276e-08, 1.67638e-08, -0.00743766, -0.280534, 2.98023e-08, 0.231409, -0.00901658, 1.2666e-07, 0.227284, 0.0243146 )
shape = SubResource( 5 )

[node name="LegLL" type="BoneAttachment" parent="Graphics/Armature/Skeleton" index="8"]
transform = Transform( -0.999404, -0.0337982, 1.0083e-05, 0.0316848, -0.936888, -0.348193, 0.0117718, -0.347987, 0.937424, 0.163526, 0.549918, -0.0607646 )
bone_name = "lowerlegl"

[node name="Hitbox" parent="Graphics/Armature/Skeleton/LegLL" instance=ExtResource( 2 )]

[node name="CollisionShape" type="CollisionShape" parent="Graphics/Armature/Skeleton/LegLL/Hitbox"]
transform = Transform( 0.231528, 0, 3.35276e-08, 1.67638e-08, -0.00743766, -0.280534, 2.98023e-08, 0.231409, -0.00901658, 1.2666e-07, 0.227284, 0.0243146 )
shape = SubResource( 5 )

[node name="Hip" type="BoneAttachment" parent="Graphics/Armature/Skeleton" index="9"]
transform = Transform( 1, 0, 0, 0, 1, 0, 0, 0, 1, 0, 0.940708, 0 )
bone_name = "hip"

[node name="Hitbox" parent="Graphics/Armature/Skeleton/Hip" instance=ExtResource( 2 )]

[node name="CollisionShape" type="CollisionShape" parent="Graphics/Armature/Skeleton/Hip/Hitbox"]
transform = Transform( 0.231528, 0, 3.35276e-08, 1.67638e-08, -0.00743766, -0.280534, 2.98023e-08, 0.231409, -0.00901658, 1.36856e-07, 0.144407, -0.00828281 )
shape = SubResource( 6 )

[node name="Body" type="BoneAttachment" parent="Graphics/Armature/Skeleton" index="10"]
transform = Transform( 1, 8.00681e-09, 2.38058e-07, 1.34029e-08, 0.99596, -0.089799, -2.37816e-07, 0.089799, 0.99596, 0, 1.16528, 0 )
bone_name = "body"

[node name="Hitbox" parent="Graphics/Armature/Skeleton/Body" instance=ExtResource( 2 )]

[node name="CollisionShape" type="CollisionShape" parent="Graphics/Armature/Skeleton/Body/Hitbox"]
transform = Transform( 0.231528, -5.08097e-08, 3.36939e-08, 1.0777e-08, -0.0713728, -0.26701, 5.69032e-08, 0.220253, -0.0865245, 1.21974e-07, 0.262345, 0.0299348 )
shape = SubResource( 7 )

[node name="Head" type="BoneAttachment" parent="Graphics/Armature/Skeleton" index="11"]
transform = Transform( 1, 8.00681e-09, 2.38058e-07, 1.34029e-08, 0.99596, -0.089799, -2.37816e-07, 0.089799, 0.99596, 0, 1.16528, 0 )
bone_name = "body"

[node name="Hitbox2" parent="Graphics/Armature/Skeleton/Head" instance=ExtResource( 2 )]
transform = Transform( 1, 0, -1.42109e-14, 0, 1, 0, 0, 0, 1, 0, 0, 0 )
weak_spot = true

[node name="CollisionShape2" type="CollisionShape" parent="Graphics/Armature/Skeleton/Head/Hitbox2"]
transform = Transform( 0.231528, -5.08098e-08, 3.36939e-08, 1.0777e-08, -0.0713728, -0.26701, 5.69032e-08, 0.220253, -0.0865245, 4.15389e-08, 0.471372, 0.317622 )
shape = SubResource( 8 )

[node name="HealthMannager" parent="." instance=ExtResource( 4 )]
max_health = 20

[node name="CharcaterMover" parent="." instance=ExtResource( 5 )]
move_accel = 2
ignore_rotation = true

[node name="AimAtObject" type="Spatial" parent="."]
transform = Transform( 1, 0, 0, 0, 1, 0, 0, 0, 1, 0, 1, 0.479771 )
script = ExtResource( 6 )

[node name="DamageArea" parent="AimAtObject" instance=ExtResource( 7 )]
transform = Transform( 1, 0, 0, 0, 1, 0, 0, 0, 1, 0, 0, 0.614046 )

[editable path="Graphics"]
