[gd_scene load_steps=19 format=2]

[ext_resource path="res://characters/Enemies/AimAtObject.gd" type="Script" id=1]
[ext_resource path="res://weapons/raw_assets/Teoyotl weapons/Tlaloque Weapon Jar.glb" type="PackedScene" id=2]
[ext_resource path="res://characters/Hitbox.gd" type="Script" id=3]
[ext_resource path="res://characters/HealthMannager.tscn" type="PackedScene" id=4]
[ext_resource path="res://weapons/FireballSpawner.tscn" type="PackedScene" id=5]
[ext_resource path="res://characters/CharcaterMover.tscn" type="PackedScene" id=6]
[ext_resource path="res://characters/Enemies/raw_assets/Teoyotl Enemies/Jar Enemy/Jar Tlaloque.glb" type="PackedScene" id=9]
[ext_resource path="res://characters/Enemies/Monster.gd" type="Script" id=10]

[sub_resource type="CapsuleShape" id=1]
height = 0.789253

[sub_resource type="CapsuleShape" id=2]
height = 0.789253

[sub_resource type="CapsuleShape" id=3]
height = 0.789253

[sub_resource type="CapsuleShape" id=4]
height = 0.789253

[sub_resource type="CapsuleShape" id=5]
height = 0.789253

[sub_resource type="CapsuleShape" id=6]
height = 0.789253

[sub_resource type="CapsuleShape" id=7]
height = 0.789253

[sub_resource type="CapsuleShape" id=8]
height = 0.789253

[sub_resource type="BoxShape" id=11]
extents = Vector3( 2.77709, 1, 3.56997 )

[sub_resource type="CapsuleShape" id=10]
radius = 0.5

[node name="Jar Tlaloque2" type="KinematicBody"]
collision_layer = 2
collision_mask = 3
script = ExtResource( 10 )

[node name="Graphics" parent="." instance=ExtResource( 9 )]

[node name="ArmUL" type="BoneAttachment" parent="Graphics/Armature/Skeleton" index="2"]
transform = Transform( -0.940866, 0.328624, 0.0823213, -0.333922, -0.940579, -0.0617006, 0.0571534, -0.0855408, 0.994694, 0.162496, 1.58536, -0.0203035 )
bone_name = "upper_arm_l"

[node name="HitBox" type="Area" parent="Graphics/Armature/Skeleton/ArmUL"]
collision_layer = 2147483652
script = ExtResource( 3 )

[node name="CollisionShape" type="CollisionShape" parent="Graphics/Armature/Skeleton/ArmUL/HitBox"]
transform = Transform( 0.06548, -0.0320155, 0.000810699, 0.0101072, 0.20782, -0.00324277, -0.00034465, 0.0118767, 0.0589278, -0.0187944, 0.133737, 0.0513879 )
shape = SubResource( 1 )

[node name="ArmUR" type="BoneAttachment" parent="Graphics/Armature/Skeleton" index="3"]
transform = Transform( -0.890989, -0.440276, -0.110868, 0.442296, -0.896841, 0.00699304, -0.10251, -0.042806, 0.99381, -0.163328, 1.58536, -0.0118805 )
bone_name = "upper_arm_r"

[node name="HitBox" type="Area" parent="Graphics/Armature/Skeleton/ArmUR"]
collision_layer = 2147483652
script = ExtResource( 3 )

[node name="CollisionShape" type="CollisionShape" parent="Graphics/Armature/Skeleton/ArmUR/HitBox"]
transform = Transform( 0.06548, -0.0320155, 0.000810699, 0.0101072, 0.20782, -0.00324277, -0.00034465, 0.0118767, 0.0589278, -0.0187944, 0.133737, 0.0513879 )
shape = SubResource( 2 )

[node name="LegLL" type="BoneAttachment" parent="Graphics/Armature/Skeleton" index="4"]
transform = Transform( -0.997954, -0.0516807, 0.0382248, 0.0518861, -0.998643, 0.0043714, 0.0379461, 0.00634555, 0.999272, 0.104355, 0.582733, -7.47344e-05 )
bone_name = "lower_leg_l"
__meta__ = {
"_editor_description_": ""
}

[node name="HitBox" type="Area" parent="Graphics/Armature/Skeleton/LegLL"]
collision_layer = 2147483652
script = ExtResource( 3 )

[node name="CollisionShape" type="CollisionShape" parent="Graphics/Armature/Skeleton/LegLL/HitBox"]
transform = Transform( 0.0663394, 0.003269, 3.08056e-05, -0.00524587, 0.309577, -0.00284292, 0.000160982, -0.0014945, 0.0591084, 0.0191298, 0.282471, -0.0278212 )
shape = SubResource( 3 )

[node name="ArmLR" type="BoneAttachment" parent="Graphics/Armature/Skeleton" index="5"]
transform = Transform( -0.876713, -0.472721, -0.0889141, 0.428349, -0.851373, 0.302788, -0.218833, 0.227372, 0.948902, -0.306804, 1.2931, -0.02583 )
bone_name = "lower_arm_r"

[node name="HitBox" type="Area" parent="Graphics/Armature/Skeleton/ArmLR"]
collision_layer = 2147483652
script = ExtResource( 3 )

[node name="CollisionShape" type="CollisionShape" parent="Graphics/Armature/Skeleton/ArmLR/HitBox"]
transform = Transform( 0.06548, -0.0320155, 0.000810699, 0.0101072, 0.20782, -0.00324277, -0.00034465, 0.0118767, 0.0589278, -0.0187944, 0.133737, 0.0513879 )
shape = SubResource( 4 )

[node name="ArmLL" type="BoneAttachment" parent="Graphics/Armature/Skeleton" index="6"]
transform = Transform( -0.904053, 0.32872, 0.273182, -0.33943, -0.940592, 0.00852091, 0.259754, -0.0850227, 0.961925, 0.269587, 1.27884, -0.0481794 )
bone_name = "lower_arm_l"

[node name="HitBox" type="Area" parent="Graphics/Armature/Skeleton/ArmLL"]
collision_layer = 2147483652
script = ExtResource( 3 )

[node name="CollisionShape" type="CollisionShape" parent="Graphics/Armature/Skeleton/ArmLL/HitBox"]
transform = Transform( 0.06548, -0.0320155, 0.000810699, 0.0101072, 0.20782, -0.00324277, -0.00034465, 0.0118767, 0.0589278, -0.0187944, 0.133737, 0.0513879 )
shape = SubResource( 5 )

[node name="LegUL" type="BoneAttachment" parent="Graphics/Armature/Skeleton" index="7"]
transform = Transform( -0.998539, -0.0516959, -0.0170929, 0.0515646, -0.998637, 0.00810403, -0.0174888, 0.00721055, 0.999832, 0.127437, 1.02863, -0.00329429 )
bone_name = "upper_leg_l"

[node name="HitBox" type="Area" parent="Graphics/Armature/Skeleton/LegUL"]
collision_layer = 2147483652
script = ExtResource( 3 )

[node name="CollisionShape" type="CollisionShape" parent="Graphics/Armature/Skeleton/LegUL/HitBox"]
transform = Transform( 0.06548, -0.0320155, 0.000810699, 0.0101072, 0.20782, -0.00324277, -0.00034465, 0.0118767, 0.0589278, -0.0187944, 0.133737, 0.0513879 )
shape = SubResource( 6 )

[node name="LegUR" type="BoneAttachment" parent="Graphics/Armature/Skeleton" index="8"]
transform = Transform( -0.99829, 0.0522222, 0.0172437, -0.0520214, -0.99858, 0.0113219, 0.017809, 0.0104087, 0.999673, -0.127437, 1.02863, 0.00329462 )
bone_name = "upper_leg_r"
__meta__ = {
"_editor_description_": ""
}

[node name="HitBox" type="Area" parent="Graphics/Armature/Skeleton/LegUR"]
collision_layer = 2147483652
script = ExtResource( 3 )

[node name="CollisionShape" type="CollisionShape" parent="Graphics/Armature/Skeleton/LegUR/HitBox"]
transform = Transform( 0.0662158, 0.00738594, 0.000178508, -0.00230486, 0.210179, -0.00314159, -0.000323653, 0.0111808, 0.0589387, -0.0184018, 0.162244, -0.0117353 )
shape = SubResource( 7 )

[node name="LegLR" type="BoneAttachment" parent="Graphics/Armature/Skeleton" index="9"]
transform = Transform( -0.998437, 0.0521396, -0.00458909, -0.0521698, -0.998595, 0.00913798, -0.00410951, 0.00936624, 0.999829, -0.10412, 0.582761, 0.00794216 )
bone_name = "lower_leg_r"
__meta__ = {
"_editor_description_": ""
}

[node name="HitBox" type="Area" parent="Graphics/Armature/Skeleton/LegLR"]
collision_layer = 2147483652
script = ExtResource( 3 )

[node name="CollisionShape" type="CollisionShape" parent="Graphics/Armature/Skeleton/LegLR/HitBox"]
transform = Transform( 0.0654748, 0.0344015, -0.000286501, -0.0118935, 0.307669, -0.00260376, 0.000241282, -0.00266217, 0.0591187, 0.0221638, 0.282628, -0.0279375 )
shape = SubResource( 8 )

[node name="Body" type="BoneAttachment" parent="Graphics/Armature/Skeleton" index="10"]
transform = Transform( 0.999666, -0.00115532, 0.0258169, 1.08848e-08, 0.999, 0.0447053, -0.0258427, -0.0446904, 0.998667, 1.33442e-10, 1.08471, 5.32762e-09 )
bone_name = "body"

[node name="HitBox" type="Area" parent="Graphics/Armature/Skeleton/Body"]
collision_layer = 2147483652
script = ExtResource( 3 )

[node name="CollisionShape" type="CollisionShape" parent="Graphics/Armature/Skeleton/Body/HitBox"]
transform = Transform( 0.0662215, -0.00633525, 0.000719217, 0.00203787, 0.210131, -0.0035234, -0.000686567, 0.0126447, 0.0589129, 0.000824735, 0.14013, 0.0521817 )
shape = SubResource( 11 )

[node name="Head" type="BoneAttachment" parent="Graphics/Armature/Skeleton" index="11"]
transform = Transform( 0.999666, 0.00357412, 0.0255948, 3.3321e-08, 0.99039, -0.138301, -0.0258432, 0.138255, 0.990059, -0.000750753, 1.73389, -0.0290409 )
bone_name = "head"

[node name="HitBox" type="Area" parent="Graphics/Armature/Skeleton/Head"]
collision_layer = 2147483652
script = ExtResource( 3 )

[node name="CollisionShape" type="CollisionShape" parent="Graphics/Armature/Skeleton/Head/HitBox"]
transform = Transform( 0.0662215, -0.00633525, 0.000719217, 0.00203787, 0.210131, -0.0035234, -0.000686567, 0.0126447, 0.0589129, 0.000824735, 0.14013, 0.0521817 )
shape = SubResource( 11 )

[node name="BoneAttachment" type="BoneAttachment" parent="Graphics/Armature/Skeleton" index="12"]
transform = Transform( -0.995229, -0.0975715, 3.12644e-06, 0.0971414, -0.990843, -0.0937774, 0.00915306, -0.0933298, 0.995593, -0.422002, 1.08562, 0.0295775 )
bone_name = "hand_r"

[node name="Tlaloque Weapon Jar" parent="Graphics/Armature/Skeleton/BoneAttachment" instance=ExtResource( 2 )]
transform = Transform( -0.304937, 0.00457667, -0.396223, -0.394771, -0.0466647, 0.30328, -0.0342033, 0.497797, 0.0320731, -0.128203, 0.104603, -0.174312 )

[node name="AnimationPlayer" parent="Graphics" index="1"]
autoplay = "Idle-loop"

[node name="CollisionShape" type="CollisionShape" parent="."]
transform = Transform( 1, 0, 0, 0, -1.62921e-07, 1, 0, -1, -1.62921e-07, 0, 1, 0 )
shape = SubResource( 10 )

[node name="CharcaterMover" parent="." instance=ExtResource( 6 )]
move_accel = 2
ignore_rotation = true

[node name="AimAtObject" type="Spatial" parent="."]
transform = Transform( 1, 0, 0, 0, 1, 0, 0, 0, 1, 0, 1, 0.479771 )
script = ExtResource( 1 )

[node name="FireballSpawner" parent="AimAtObject" instance=ExtResource( 5 )]
transform = Transform( -1, 0, -3.25841e-07, 0, 1, 0, 3.25841e-07, 0, -1, 4.17425e-08, 0.138027, 0.128107 )

[node name="HealthMannager" parent="." instance=ExtResource( 4 )]
transform = Transform( 1, 0, 0, 0, 1, 0, 0, 0, 1, 0, 1.10643, 0 )
max_health = 20

[editable path="Graphics"]
