[gd_scene load_steps=19 format=2]

[ext_resource path="res://characters/Enemies/AimAtObject.gd" type="Script" id=1]
[ext_resource path="res://weapons/raw_assets/Teoyotl weapons/Tlaloque Weapon Jar.glb" type="PackedScene" id=2]
[ext_resource path="res://characters/Hitbox.gd" type="Script" id=3]
[ext_resource path="res://characters/HealthMannager.tscn" type="PackedScene" id=4]
[ext_resource path="res://weapons/FireballSpawner.tscn" type="PackedScene" id=5]
[ext_resource path="res://characters/CharcaterMover.tscn" type="PackedScene" id=6]
[ext_resource path="res://characters/Enemies/raw_assets/Teoyotl Enemies/Jar Enemy/Attack-loop.anim" type="Animation" id=7]
[ext_resource path="res://characters/Enemies/raw_assets/Teoyotl Enemies/Jar Enemy/Jar Tlaloque.glb" type="PackedScene" id=9]
[ext_resource path="res://characters/Enemies/Monster.gd" type="Script" id=10]

[sub_resource type="CapsuleShape" id=1]
height = 0.789253

[sub_resource type="CapsuleShape" id=2]
height = 0.789253

[sub_resource type="CapsuleShape" id=3]
height = 0.789253

[sub_resource type="CapsuleShape" id=4]
height = 0.789253

[sub_resource type="CapsuleShape" id=5]
height = 0.789253

[sub_resource type="CapsuleShape" id=6]
height = 0.789253

[sub_resource type="CapsuleShape" id=7]
height = 0.789253

[sub_resource type="CapsuleShape" id=8]
height = 0.789253

[sub_resource type="CapsuleShape" id=9]
radius = 0.5

[node name="Jar Tlaloque2" type="KinematicBody"]
collision_layer = 2
collision_mask = 3
script = ExtResource( 10 )

[node name="Graphics" parent="." instance=ExtResource( 9 )]

[node name="Skeleton" parent="Graphics/Armature" index="0"]
bones/3/bound_children = [ NodePath("BoneAttachment") ]
bones/5/bound_children = [ NodePath("LegUL") ]
bones/6/bound_children = [ NodePath("LegLL") ]
bones/8/bound_children = [ NodePath("ArmUL") ]
bones/9/bound_children = [ NodePath("ArmLL") ]
bones/10/bound_children = [ NodePath("LegUR") ]
bones/11/bound_children = [ NodePath("LegLR") ]
bones/12/bound_children = [ NodePath("ArmUR") ]
bones/13/bound_children = [ NodePath("ArmLR") ]

[node name="ArmUL" type="BoneAttachment" parent="Graphics/Armature/Skeleton" index="2"]
transform = Transform( -0.972553, -0.0950433, -0.212379, -0.192027, -0.187567, 0.963298, -0.131391, 0.977643, 0.164169, 0.161417, 1.40187, -0.113116 )
bone_name = "upper_arm_l"

[node name="HitBox" type="Area" parent="Graphics/Armature/Skeleton/ArmUL"]
collision_layer = 2147483652
script = ExtResource( 3 )

[node name="CollisionShape" type="CollisionShape" parent="Graphics/Armature/Skeleton/ArmUL/HitBox"]
transform = Transform( 0.06548, -0.0320155, 0.000810699, 0.0101072, 0.20782, -0.00324277, -0.00034465, 0.0118767, 0.0589278, -0.0187944, 0.133737, 0.0513879 )
shape = SubResource( 1 )

[node name="ArmUR" type="BoneAttachment" parent="Graphics/Armature/Skeleton" index="3"]
transform = Transform( -0.821371, -0.387385, 0.418665, 0.545654, -0.319828, 0.774578, -0.166158, 0.864664, 0.474076, -0.163079, 1.40733, -0.0830298 )
bone_name = "upper_arm_r"

[node name="HitBox" type="Area" parent="Graphics/Armature/Skeleton/ArmUR"]
collision_layer = 2147483652
script = ExtResource( 3 )

[node name="CollisionShape" type="CollisionShape" parent="Graphics/Armature/Skeleton/ArmUR/HitBox"]
transform = Transform( 0.06548, -0.0320155, 0.000810699, 0.0101072, 0.20782, -0.00324277, -0.00034465, 0.0118767, 0.0589278, -0.0187944, 0.133737, 0.0513879 )
shape = SubResource( 2 )

[node name="LegLL" type="BoneAttachment" parent="Graphics/Armature/Skeleton" index="4"]
transform = Transform( -0.9994, -0.0319454, -0.0149035, 0.0328004, -0.687742, -0.725214, 0.0129181, -0.725259, 0.688367, 0.0934731, 0.411562, 0.0254118 )
bone_name = "lower_leg_l"
__meta__ = {
"_editor_description_": ""
}

[node name="HitBox" type="Area" parent="Graphics/Armature/Skeleton/LegLL"]
collision_layer = 2147483652
script = ExtResource( 3 )

[node name="CollisionShape" type="CollisionShape" parent="Graphics/Armature/Skeleton/LegLL/HitBox"]
transform = Transform( 0.0663394, 0.003269, 3.08056e-05, -0.00524587, 0.309577, -0.00284292, 0.000160982, -0.0014945, 0.0591084, 0.0191298, 0.282471, -0.0278212 )
shape = SubResource( 3 )

[node name="ArmLR" type="BoneAttachment" parent="Graphics/Armature/Skeleton" index="5"]
transform = Transform( -0.961926, 0.270613, 0.038272, 0.255284, 0.839637, 0.479416, 0.0976027, 0.470934, -0.876752, -0.289319, 1.30311, 0.198745 )
bone_name = "lower_arm_r"

[node name="HitBox" type="Area" parent="Graphics/Armature/Skeleton/ArmLR"]
collision_layer = 2147483652
script = ExtResource( 3 )

[node name="CollisionShape" type="CollisionShape" parent="Graphics/Armature/Skeleton/ArmLR/HitBox"]
transform = Transform( 0.06548, -0.0320155, 0.000810699, 0.0101072, 0.20782, -0.00324277, -0.00034465, 0.0118767, 0.0589278, -0.0187944, 0.133737, 0.0513879 )
shape = SubResource( 4 )

[node name="ArmLL" type="BoneAttachment" parent="Graphics/Armature/Skeleton" index="6"]
transform = Transform( -0.502469, -0.758286, 0.41536, 0.482926, 0.152336, 0.862309, -0.717152, 0.633872, 0.289652, 0.130444, 1.34075, 0.205476 )
bone_name = "lower_arm_l"

[node name="HitBox" type="Area" parent="Graphics/Armature/Skeleton/ArmLL"]
collision_layer = 2147483652
script = ExtResource( 3 )

[node name="CollisionShape" type="CollisionShape" parent="Graphics/Armature/Skeleton/ArmLL/HitBox"]
transform = Transform( 0.06548, -0.0320155, 0.000810699, 0.0101072, 0.20782, -0.00324277, -0.00034465, 0.0118767, 0.0589278, -0.0187944, 0.133737, 0.0513879 )
shape = SubResource( 5 )

[node name="LegUL" type="BoneAttachment" parent="Graphics/Armature/Skeleton" index="7"]
transform = Transform( -0.997018, -0.0747323, -0.0204041, 0.0732849, -0.995236, 0.064319, -0.0251122, 0.0626275, 0.99773, 0.126842, 0.855942, -0.00255178 )
bone_name = "upper_leg_l"

[node name="HitBox" type="Area" parent="Graphics/Armature/Skeleton/LegUL"]
collision_layer = 2147483652
script = ExtResource( 3 )

[node name="CollisionShape" type="CollisionShape" parent="Graphics/Armature/Skeleton/LegUL/HitBox"]
transform = Transform( 0.06548, -0.0320155, 0.000810699, 0.0101072, 0.20782, -0.00324277, -0.00034465, 0.0118767, 0.0589278, -0.0187944, 0.133737, 0.0513879 )
shape = SubResource( 6 )

[node name="LegUR" type="BoneAttachment" parent="Graphics/Armature/Skeleton" index="8"]
transform = Transform( -0.987045, 0.120845, -0.103673, -0.158531, -0.807126, 0.568679, -0.0149675, 0.577818, 0.815893, -0.126994, 0.860211, 0.0209833 )
bone_name = "upper_leg_r"
__meta__ = {
"_editor_description_": ""
}

[node name="HitBox" type="Area" parent="Graphics/Armature/Skeleton/LegUR"]
collision_layer = 2147483652
script = ExtResource( 3 )

[node name="CollisionShape" type="CollisionShape" parent="Graphics/Armature/Skeleton/LegUR/HitBox"]
transform = Transform( 0.0662158, 0.00738594, 0.000178508, -0.00230486, 0.210179, -0.00314159, -0.000323653, 0.0111808, 0.0589387, -0.0184018, 0.162244, -0.0117353 )
shape = SubResource( 7 )

[node name="LegLR" type="BoneAttachment" parent="Graphics/Armature/Skeleton" index="9"]
transform = Transform( -0.996038, 0.0859931, 0.011515, -0.079087, -0.845511, -0.528058, -0.0356897, -0.526909, 0.849039, -0.0730363, 0.499827, 0.278981 )
bone_name = "lower_leg_r"
__meta__ = {
"_editor_description_": ""
}

[node name="HitBox" type="Area" parent="Graphics/Armature/Skeleton/LegLR"]
collision_layer = 2147483652
script = ExtResource( 3 )

[node name="CollisionShape" type="CollisionShape" parent="Graphics/Armature/Skeleton/LegLR/HitBox"]
transform = Transform( 0.0654748, 0.0344015, -0.000286501, -0.0118935, 0.307669, -0.00260376, 0.000241282, -0.00266217, 0.0591187, 0.0221638, 0.282628, -0.0279375 )
shape = SubResource( 8 )

[node name="BoneAttachment" type="BoneAttachment" parent="Graphics/Armature/Skeleton" index="10"]
transform = Transform( -0.954241, 0.298543, 0.0172357, -0.299029, -0.95312, -0.0462962, 0.00260615, -0.0493317, 0.998779, -0.220024, 1.49996, 0.310476 )
bone_name = "hand_r"

[node name="Tlaloque Weapon Jar" parent="Graphics/Armature/Skeleton/BoneAttachment" instance=ExtResource( 2 )]
transform = Transform( -0.304937, 0.00457667, -0.396223, -0.394771, -0.0466647, 0.30328, -0.0342033, 0.497797, 0.0320731, -0.128203, 0.104603, -0.174312 )

[node name="AnimationPlayer" parent="Graphics" index="1"]
autoplay = "Idle-loop"
anims/Attack-loop = ExtResource( 7 )

[node name="CollisionShape" type="CollisionShape" parent="."]
transform = Transform( 1, 0, 0, 0, -1.62921e-07, 1, 0, -1, -1.62921e-07, 0, 1, 0 )
shape = SubResource( 9 )

[node name="CharcaterMover" parent="." instance=ExtResource( 6 )]
move_accel = 2
ignore_rotation = true

[node name="AimAtObject" type="Spatial" parent="."]
transform = Transform( 1, 0, 0, 0, 1, 0, 0, 0, 1, 0, 1, 0.479771 )
script = ExtResource( 1 )

[node name="FireballSpawner" parent="AimAtObject" instance=ExtResource( 5 )]
transform = Transform( -1, 0, -3.25841e-07, 0, 1, 0, 3.25841e-07, 0, -1, 4.17425e-08, 0.138027, 0.128107 )

[node name="HealthMannager" parent="." instance=ExtResource( 4 )]
transform = Transform( 1, 0, 0, 0, 1, 0, 0, 0, 1, 0, 1.10643, 0 )
max_health = 20

[editable path="Graphics"]
