[gd_scene load_steps=18 format=2]

[ext_resource path="res://characters/Hitbox.gd" type="Script" id=1]
[ext_resource path="res://weapons/raw_assets/Teoyotl weapons/Tlaloque Weapon Jar.glb" type="PackedScene" id=2]
[ext_resource path="res://characters/Enemies/Monster.gd" type="Script" id=3]
[ext_resource path="res://characters/HealthMannager.tscn" type="PackedScene" id=4]
[ext_resource path="res://characters/CharcaterMover.tscn" type="PackedScene" id=5]
[ext_resource path="res://characters/Enemies/AimAtObject.gd" type="Script" id=6]
[ext_resource path="res://weapons/FireballSpawner.tscn" type="PackedScene" id=7]
[ext_resource path="res://characters/Enemies/raw_assets/Teoyotl Enemies/Jar Enemy/Jar Tlaloque.glb" type="PackedScene" id=8]

[sub_resource type="CapsuleShape" id=1]
radius = 0.5

[sub_resource type="CapsuleShape" id=2]
height = 0.789253

[sub_resource type="CapsuleShape" id=3]
height = 0.789253

[sub_resource type="CapsuleShape" id=4]
height = 0.789253

[sub_resource type="CapsuleShape" id=5]
height = 0.789253

[sub_resource type="CapsuleShape" id=6]
height = 0.789253

[sub_resource type="CapsuleShape" id=7]
height = 0.789253

[sub_resource type="CapsuleShape" id=8]
height = 0.789253

[sub_resource type="CapsuleShape" id=9]
height = 0.789253

[node name="Jar Tlaloque1" type="KinematicBody"]
collision_layer = 2
collision_mask = 3
script = ExtResource( 3 )
attack_range = 100.0
attack_rate = 1.0

[node name="CollisionShape" type="CollisionShape" parent="."]
transform = Transform( 1, 0, 0, 0, -1.62921e-07, 1, 0, -1, -1.62921e-07, 0, 1, 0 )
shape = SubResource( 1 )

[node name="Graphics" parent="." instance=ExtResource( 8 )]

[node name="ArmUL" type="BoneAttachment" parent="Graphics/Armature/Skeleton" index="2"]
transform = Transform( -0.918695, -0.215299, -0.331125, -0.341915, 0.0138469, 0.939629, -0.197717, 0.976449, -0.0863351, 0.164611, 1.37347, -0.196712 )
bone_name = "upper_arm_l"

[node name="HitBox" type="Area" parent="Graphics/Armature/Skeleton/ArmUL"]
collision_layer = 2147483652
script = ExtResource( 1 )

[node name="CollisionShape" type="CollisionShape" parent="Graphics/Armature/Skeleton/ArmUL/HitBox"]
transform = Transform( 0.06548, -0.0320155, 0.000810699, 0.0101072, 0.20782, -0.00324277, -0.00034465, 0.0118767, 0.0589278, -0.0187944, 0.133737, 0.0513879 )
shape = SubResource( 2 )

[node name="LegLL" type="BoneAttachment" parent="Graphics/Armature/Skeleton" index="3"]
transform = Transform( -0.999397, -0.0317669, -0.0155306, 0.033119, -0.686925, -0.725973, 0.0123933, -0.726042, 0.68755, 0.0935129, 0.411708, 0.0258179 )
bone_name = "lower_leg_l"
__meta__ = {
"_editor_description_": ""
}

[node name="HitBox" type="Area" parent="Graphics/Armature/Skeleton/LegLL"]
collision_layer = 2147483652
script = ExtResource( 1 )

[node name="CollisionShape" type="CollisionShape" parent="Graphics/Armature/Skeleton/LegLL/HitBox"]
transform = Transform( 0.0663394, 0.003269, 3.08056e-05, -0.00524587, 0.309577, -0.00284292, 0.000160982, -0.0014945, 0.0591084, 0.0191298, 0.282471, -0.0278212 )
shape = SubResource( 3 )

[node name="ArmLR" type="BoneAttachment" parent="Graphics/Armature/Skeleton" index="4"]
transform = Transform( -0.991214, 0.126492, 0.038611, 0.115689, 0.687834, 0.716589, 0.0640856, 0.714762, -0.696425, -0.250847, 1.33234, 0.133855 )
bone_name = "lower_arm_r"

[node name="HitBox" type="Area" parent="Graphics/Armature/Skeleton/ArmLR"]
collision_layer = 2147483652
script = ExtResource( 1 )

[node name="CollisionShape" type="CollisionShape" parent="Graphics/Armature/Skeleton/ArmLR/HitBox"]
transform = Transform( 0.06548, -0.0320155, 0.000810699, 0.0101072, 0.20782, -0.00324277, -0.00034465, 0.0118767, 0.0589278, -0.0187944, 0.133737, 0.0513879 )
shape = SubResource( 4 )

[node name="ArmLL" type="BoneAttachment" parent="Graphics/Armature/Skeleton" index="5"]
transform = Transform( -0.712374, -0.630151, 0.308917, 0.304191, 0.119431, 0.945095, -0.632448, 0.767231, 0.106607, 0.0944499, 1.37798, 0.121492 )
bone_name = "lower_arm_l"

[node name="HitBox" type="Area" parent="Graphics/Armature/Skeleton/ArmLL"]
collision_layer = 2147483652
script = ExtResource( 1 )

[node name="CollisionShape" type="CollisionShape" parent="Graphics/Armature/Skeleton/ArmLL/HitBox"]
transform = Transform( 0.06548, -0.0320155, 0.000810699, 0.0101072, 0.20782, -0.00324277, -0.00034465, 0.0118767, 0.0589278, -0.0187944, 0.133737, 0.0513879 )
shape = SubResource( 5 )

[node name="LegUL" type="BoneAttachment" parent="Graphics/Armature/Skeleton" index="6"]
transform = Transform( -0.99698, -0.0744818, -0.0230011, 0.0736335, -0.996644, 0.0358014, -0.0255898, 0.033992, 0.999103, 0.12677, 0.856717, 0.0106402 )
bone_name = "upper_leg_l"

[node name="HitBox" type="Area" parent="Graphics/Armature/Skeleton/LegUL"]
collision_layer = 2147483652
script = ExtResource( 1 )

[node name="CollisionShape" type="CollisionShape" parent="Graphics/Armature/Skeleton/LegUL/HitBox"]
transform = Transform( 0.06548, -0.0320155, 0.000810699, 0.0101072, 0.20782, -0.00324277, -0.00034465, 0.0118767, 0.0589278, -0.0187944, 0.133737, 0.0513879 )
shape = SubResource( 6 )

[node name="LegUR" type="BoneAttachment" parent="Graphics/Armature/Skeleton" index="7"]
transform = Transform( -0.986649, 0.110126, -0.118337, -0.157606, -0.818442, 0.552502, -0.0360159, 0.563867, 0.824969, -0.127501, 0.864641, 0.0276196 )
bone_name = "upper_leg_r"
__meta__ = {
"_editor_description_": ""
}

[node name="HitBox" type="Area" parent="Graphics/Armature/Skeleton/LegUR"]
collision_layer = 2147483652
script = ExtResource( 1 )

[node name="CollisionShape" type="CollisionShape" parent="Graphics/Armature/Skeleton/LegUR/HitBox"]
transform = Transform( 0.0662158, 0.00738594, 0.000178508, -0.00230486, 0.210179, -0.00314159, -0.000323653, 0.0111808, 0.0589387, -0.0184018, 0.162244, -0.0117353 )
shape = SubResource( 7 )

[node name="LegLR" type="BoneAttachment" parent="Graphics/Armature/Skeleton" index="8"]
transform = Transform( -0.995109, 0.0966303, -0.00561517, -0.0789171, -0.843669, -0.530993, -0.05606, -0.528004, 0.847283, -0.0783293, 0.499204, 0.279388 )
bone_name = "lower_leg_r"
__meta__ = {
"_editor_description_": ""
}

[node name="HitBox" type="Area" parent="Graphics/Armature/Skeleton/LegLR"]
collision_layer = 2147483652
script = ExtResource( 1 )

[node name="CollisionShape" type="CollisionShape" parent="Graphics/Armature/Skeleton/LegLR/HitBox"]
transform = Transform( 0.0654748, 0.0344015, -0.000286501, -0.0118935, 0.307669, -0.00260376, 0.000241282, -0.00266217, 0.0591187, 0.0221638, 0.282628, -0.0279375 )
shape = SubResource( 8 )

[node name="ArmUR" type="BoneAttachment" parent="Graphics/Armature/Skeleton" index="9"]
transform = Transform( -0.841579, -0.277424, 0.463441, 0.515656, -0.157309, 0.84223, -0.160752, 0.947782, 0.275443, -0.160441, 1.3836, -0.175006 )
bone_name = "upper_arm_r"

[node name="HitBox" type="Area" parent="Graphics/Armature/Skeleton/ArmUR"]
collision_layer = 2147483652
script = ExtResource( 1 )

[node name="CollisionShape" type="CollisionShape" parent="Graphics/Armature/Skeleton/ArmUR/HitBox"]
transform = Transform( 0.06548, -0.0320155, 0.000810699, 0.0101072, 0.20782, -0.00324277, -0.00034465, 0.0118767, 0.0589278, -0.0187944, 0.133737, 0.0513879 )
shape = SubResource( 9 )

[node name="JarAttachment" type="BoneAttachment" parent="Graphics/Armature/Skeleton" index="10"]
transform = Transform( -0.954241, 0.298543, 0.0172356, -0.299029, -0.95312, -0.0462963, 0.00260621, -0.0493317, 0.998779, -0.220022, 1.49996, 0.307976 )
bone_name = "hand_r"
__meta__ = {
"_editor_description_": ""
}

[node name="Tlaloque Weapon Jar" parent="Graphics/Armature/Skeleton/JarAttachment" instance=ExtResource( 2 )]
transform = Transform( -0.0759582, -0.112623, 0.481193, 0.494196, -0.0173102, 0.0739596, -7.45057e-09, 0.486843, 0.113946, -0.061087, 0.0788238, -0.178158 )

[node name="AnimationPlayer" parent="Graphics" index="1"]
autoplay = "Idle-loop"

[node name="HealthMannager" parent="." instance=ExtResource( 4 )]
transform = Transform( 1, 0, 0, 0, 1, 0, 0, 0, 1, 0, 1.10643, 0 )
max_health = 20

[node name="CharcaterMover" parent="." instance=ExtResource( 5 )]
move_accel = 2
ignore_rotation = true

[node name="AimAtObject" type="Spatial" parent="."]
transform = Transform( 1, 0, 0, 0, 1, 0, 0, 0, 1, 0, 1, 0.479771 )
script = ExtResource( 6 )

[node name="FireballSpawner" parent="AimAtObject" instance=ExtResource( 7 )]
transform = Transform( -1, 0, -3.25841e-07, 0, 1, 0, 3.25841e-07, 0, -1, 4.17425e-08, 0.138027, 0.128107 )

[editable path="Graphics"]
